TIMESERIES SS_SAMS_05_CNA_Q, 750 samples, 250 sps, 2008-01-15T00:00:00.025000, SLIST, FLOAT, g
       185.1         181.1         185.1         189.1         194.1         205.1  
       209.1         214.1         222.1         225.1         226.1         219.1  
       216.1         219.1         210.1         208.1         213.1         207.1  
       207.1         211.1         214.1         214.1         213.1         218.1  
       220.1         219.1         219.1         222.1         223.1         220.1  
       228.1         238.1         241.1         243.1         245.1         248.1  
       252.1         258.1         257.1         255.1         265.1         273.1  
       272.1         275.1         290.1         306.1         314.1         318.1  
       324.1         339.1         349.1         356.1         366.1         374.1  
       380.1         388.1         400.1         409.1         410.1         410.1  
       418.1         421.1         418.1         429.1         449.1         459.1  
       462.1         471.1         484.1         492.1         496.1         502.1  
       503.1         510.1         513.1         506.1         512.1         523.1  
       531.1         537.1         545.1         552.1         561.1         575.1  
       584.1         600.1         614.1         619.1         631.1         637.1  
       637.1         644.1         649.1         650.1         652.1         654.1  
       660.1         672.1         675.1         672.1         676.1         689.1  
       700.1         701.1         702.1         703.1         706.1         710.1  
       702.1         698.1         702.1         699.1         703.1         711.1  
       716.1         726.1         733.1         741.1         750.1         755.1  
       763.1         769.1         776.1         780.1         775.1         776.1  
       785.1         789.1         783.1         782.1         782.1         774.1  
       763.1         763.1         766.1         760.1         756.1         757.1  
       753.1         750.1         754.1         753.1         749.1         747.1  
       743.1         747.1         752.1         744.1         743.1         751.1  
       750.1         746.1         741.1         739.1         738.1         737.1  
       734.1         733.1         732.1         729.1         725.1         724.1  
       724.1         716.1         706.1         693.1         677.1         672.1  
       665.1         655.1         650.1         646.1         645.1         649.1  
       647.1         639.1         629.1         619.1         613.1         607.1  
       596.1         584.1         578.1         573.1         566.1         553.1  
       542.1         544.1         543.1         536.1         532.1         532.1  
       530.1         520.1         510.1         507.1         504.1         494.1  
       486.1         476.1         468.1         464.1         457.1         450.1  
       439.1         428.1         423.1         417.1         412.1         402.1  
       389.1         385.1         376.1         361.1         355.1         348.1  
       342.1         337.1         329.1         324.1         324.1         319.1  
       314.1         308.1         303.1         301.1         301.1         303.1  
       301.1         303.1         308.1         300.1         291.1         293.1  
       289.1         279.1         272.1         261.1         258.1         261.1  
       256.1         254.1         254.1         250.1         250.1         248.1  
       246.1         249.1         246.1         248.1         253.1         245.1  
       242.1         249.1         252.1         252.1         251.1         259.1  
       271.1         269.1         270.1         280.1         287.1         290.1  
       293.1         297.1         303.1         310.1         311.1         315.1  
       326.1         335.1         339.1         345.1         357.1         359.1  
       363.1         371.1         371.1         373.1         376.1         378.1  
       392.1         402.1         403.1         414.1         427.1         434.1  
       441.1         447.1         457.1         466.1         462.1         463.1  
       467.1         471.1         478.1         478.1         486.1         502.1  
       504.1         501.1         501.1         506.1         515.1         518.1  
       518.1         529.1         537.1         539.1         546.1         553.1  
       561.1         568.1         574.1         577.1         582.1         590.1  
       595.1         602.1         608.1         613.1         617.1         622.1  
       625.1         624.1         636.1         651.1         659.1         662.1  
       663.1         672.1         685.1         685.1         679.1         681.1  
       684.1         679.1         682.1         690.1         687.1         684.1  
       691.1         691.1         689.1         696.1         704.1         707.1  
       706.1         711.1         713.1         707.1         706.1         704.1  
       697.1         690.1         683.1         677.1         678.1         679.1  
       670.1         664.1         663.1         654.1         650.1         649.1  
       646.1         636.1         625.1         625.1         624.1         615.1  
       608.1         605.1         600.1         594.1         589.1         585.1  
       582.1         574.1         572.1         566.1         550.1         550.1  
       550.1         539.1         527.1         520.1         518.1         513.1  
       507.1         500.1         498.1         501.1         495.1         493.1  
       498.1         499.1         497.1         498.1         501.1         498.1  
       498.1         499.1         495.1         497.1         502.1         507.1  
       504.1         500.1         502.1         498.1         494.1         499.1  
       502.1         501.1         499.1         496.1         496.1         492.1  
       493.1         499.1         495.1         492.1         500.1         504.1  
       502.1         505.1         506.1         508.1         510.1         510.1  
       511.1         515.1         526.1         532.1         532.1         532.1  
       532.1         542.1         548.1         542.1         546.1         550.1  
       548.1         549.1         553.1         556.1         548.1         539.1  
       540.1         549.1         553.1         549.1         547.1         548.1  
       554.1         555.1         550.1         549.1         550.1         550.1  
       553.1         554.1         556.1         556.1         547.1         541.1  
       543.1         538.1         527.1         522.1         522.1         524.1  
       521.1         518.1         521.1         520.1         523.1         523.1  
       518.1         518.1         518.1         517.1         521.1         521.1  
       514.1         506.1         497.1         492.1         491.1         483.1  
       475.1         469.1         464.1         459.1         453.1         452.1  
       449.1         446.1         440.1         430.1         423.1         415.1  
       408.1         408.1         404.1         388.1         379.1         378.1  
       374.1         371.1         369.1         363.1         357.1         355.1  
       349.1         341.1         338.1         333.1         330.1         327.1  
       318.1         314.1         314.1         309.1         306.1         305.1  
       301.1         300.1         297.1         296.1         294.1         285.1  
       277.1         277.1         277.1         271.1         277.1         286.1  
       283.1         285.1         292.1         292.1         286.1         280.1  
       280.1         288.1         292.1         290.1         294.1         302.1  
       309.1         317.1         323.1         328.1         337.1         341.1  
       349.1         358.1         367.1         380.1         383.1         390.1  
       396.1         401.1         415.1         424.1         430.1         446.1  
       463.1         468.1         471.1         482.1         490.1         497.1  
       512.1         524.1         533.1         542.1         554.1         567.1  
       576.1         586.1         599.1         612.1         618.1         622.1  
       630.1         642.1         655.1         664.1         675.1         684.1  
       691.1         704.1         713.1         716.1         724.1         732.1  
       739.1         745.1         751.1         756.1         761.1         767.1  
       773.1         781.1         789.1         788.1         791.1         805.1  
       812.1         813.1         812.1         813.1         821.1         822.1  
       816.1         811.1         808.1         805.1         796.1         792.1  
       790.1         781.1         781.1         785.1         778.1         772.1  
       753.1         750.1         754.1         753.1         749.1         747.1  
       743.1         747.1         752.1         744.1         743.1         751.1  
       750.1         746.1         741.1         739.1         738.1         737.1  
       734.1         733.1         732.1         729.1         725.1         724.1  
       724.1         716.1         706.1         693.1         677.1         672.1  
       665.1         655.1         650.1         646.1         645.1         649.1  
       647.1         639.1         629.1         619.1         613.1         607.1  
       596.1         584.1         578.1         573.1         566.1         553.1  
       542.1         544.1         543.1         536.1         532.1         532.1  
       530.1         520.1         510.1         507.1         504.1         494.1  
       486.1         476.1         468.1         464.1         457.1         450.1  
       439.1         428.1         423.1         417.1         412.1         402.1  
       389.1         385.1         376.1         361.1         355.1         348.1  
       342.1         337.1         329.1         324.1         324.1         319.1  
       314.1         308.1         303.1         301.1         301.1         303.1  
       301.1         303.1         308.1         300.1         291.1         293.1  
       289.1         279.1         272.1         261.1         258.1         261.1  
       256.1         254.1         254.1         250.1         250.1         248.1  
       185.1         181.1         185.1         189.1         194.1         205.1 
       245.1         198.1         187.1         184.1         183.1         182.1        