TIMESERIES SS_SAMS_05_CNA_Q, 635 samples, 250 sps, 2008-01-15T00:00:00.025000, SLIST, FLOAT, g
       185.1         181.1         185.1         189.1         194.1         205.1  
       209.1         214.1         222.1         225.1         226.1         219.1  
       216.1         219.1         210.1         208.1         213.1         207.1  
       207.1         211.1         214.1         214.1         213.1         218.1  
       220.1         219.1         219.1         222.1         223.1         220.1  
       228.1         238.1         241.1         243.1         245.1         248.1  
       252.1         258.1         257.1         255.1         265.1         273.1  
       272.1         275.1         290.1         306.1         314.1         318.1  
       324.1         339.1         349.1         356.1         366.1         374.1  
       380.1         388.1         400.1         409.1         410.1         410.1  
       418.1         421.1         418.1         429.1         449.1         459.1  
       462.1         471.1         484.1         492.1         496.1         502.1  
       503.1         510.1         513.1         506.1         512.1         523.1  
       531.1         537.1         545.1         552.1         561.1         575.1  
       584.1         600.1         614.1         619.1         631.1         637.1  
       637.1         644.1         649.1         650.1         652.1         654.1  
       660.1         672.1         675.1         672.1         676.1         689.1  
       700.1         701.1         702.1         703.1         706.1         710.1  
       702.1         698.1         702.1         699.1         703.1         711.1  
       716.1         726.1         733.1         741.1         750.1         755.1  
       763.1         769.1         776.1         780.1         775.1         776.1  
       785.1         789.1         783.1         782.1         782.1         774.1  
       763.1         763.1         766.1         760.1         756.1         757.1  
       753.1         750.1         754.1         753.1         749.1         747.1  
       743.1         747.1         752.1         744.1         743.1         751.1  
       750.1         746.1         741.1         739.1         738.1         737.1  
       734.1         733.1         732.1         729.1         725.1         724.1  
       724.1         716.1         706.1         693.1         677.1         672.1  
       665.1         655.1         650.1         646.1         645.1         649.1  
       647.1         639.1         629.1         619.1         613.1         607.1  
       596.1         584.1         578.1         573.1         566.1         553.1  
       542.1         544.1         543.1         536.1         532.1         532.1  
       530.1         520.1         510.1         507.1         504.1         494.1  
       486.1         476.1         468.1         464.1         457.1         450.1  
       439.1         428.1         423.1         417.1         412.1         402.1  
       389.1         385.1         376.1         361.1         355.1         348.1  
       342.1         337.1         329.1         324.1         324.1         319.1  
       314.1         308.1         303.1         301.1         301.1         303.1  
       301.1         303.1         308.1         300.1         291.1         293.1  
       289.1         279.1         272.1         261.1         258.1         261.1  
       256.1         254.1         254.1         250.1         250.1         248.1  
       246.1         249.1         246.1         248.1         253.1         245.1  
       242.1         249.1         252.1         252.1         251.1         259.1  
       271.1         269.1         270.1         280.1         287.1         290.1  
       293.1         297.1         303.1         310.1         311.1         315.1  
       326.1         335.1         339.1         345.1         357.1         359.1  
       363.1         371.1         371.1         373.1         376.1         378.1  
       392.1         402.1         403.1         414.1         427.1         434.1  
       441.1         447.1         457.1         466.1         462.1         463.1  
       467.1         471.1         478.1         478.1         486.1         502.1  
       504.1         501.1         501.1         506.1         515.1         518.1  
       518.1         529.1         537.1         539.1         546.1         553.1  
       561.1         568.1         574.1         577.1         582.1         590.1  
       595.1         602.1         608.1         613.1         617.1         622.1  
       625.1         624.1         636.1         651.1         659.1         662.1  
       663.1         672.1         685.1         685.1         679.1         681.1  
       684.1         679.1         682.1         690.1         687.1         684.1  
       691.1         691.1         689.1         696.1         704.1         707.1  
       706.1         711.1         713.1         707.1         706.1         704.1  
       697.1         690.1         683.1         677.1         678.1         679.1  
       670.1         664.1         663.1         654.1         650.1         649.1  
       646.1         636.1         625.1         625.1         624.1         615.1  
       608.1         605.1         600.1         594.1         589.1         585.1  
       582.1         574.1         572.1         566.1         550.1         550.1  
       550.1         539.1         527.1         520.1         518.1         513.1  
       507.1         500.1         498.1         501.1         495.1         493.1  
       498.1         499.1         497.1         498.1         501.1         498.1  
       498.1         499.1         495.1         497.1         502.1         507.1  
       504.1         500.1         502.1         498.1         494.1         499.1  
       502.1         501.1         499.1         496.1         496.1         492.1  
       493.1         499.1         495.1         492.1         500.1         504.1  
       502.1         505.1         506.1         508.1         510.1         510.1  
       511.1         515.1         526.1         532.1         532.1         532.1  
       532.1         542.1         548.1         542.1         546.1         550.1  
       548.1         549.1         553.1         556.1         548.1         539.1  
       540.1         549.1         553.1         549.1         547.1         548.1  
       554.1         555.1         550.1         549.1         550.1         550.1  
       553.1         554.1         556.1         556.1         547.1         541.1  
       543.1         538.1         527.1         522.1         522.1         524.1  
       521.1         518.1         521.1         520.1         523.1         523.1  
       518.1         518.1         518.1         517.1         521.1         521.1  
       514.1         506.1         497.1         492.1         491.1         483.1  
       475.1         469.1         464.1         459.1         453.1         452.1  
       449.1         446.1         440.1         430.1         423.1         415.1  
       408.1         408.1         404.1         388.1         379.1         378.1  
       374.1         371.1         369.1         363.1         357.1         355.1  
       349.1         341.1         338.1         333.1         330.1         327.1  
       318.1         314.1         314.1         309.1         306.1         305.1  
       301.1         300.1         297.1         296.1         294.1         285.1  
       277.1         277.1         277.1         271.1         277.1         286.1  
       283.1         285.1         292.1         292.1         286.1         280.1  
       280.1         288.1         292.1         290.1         294.1         302.1  
       309.1         317.1         323.1         328.1         337.1         341.1  
       349.1         358.1         367.1         380.1         383.1         390.1  
       396.1         401.1         415.1         424.1         430.1         446.1  
       463.1         468.1         471.1         482.1         490.1         497.1  
       512.1         524.1         533.1         542.1         554.1         567.1  
       576.1         586.1         599.1         612.1         618.1         622.1  
       630.1         642.1         655.1         664.1         675.1         684.1  
       691.1         704.1         713.1         716.1         724.1         732.1  
       739.1         745.1         751.1         756.1         761.1         767.1  
       773.1         781.1         789.1         788.1         791.1         805.1  
       812.1         813.1         812.1         813.1         821.1         822.1  
       816.1         811.1         808.1         805.1         796.1         792.1  
       790.1         781.1         781.1         785.1         778.1         772.1  
       767.1         761.1         755.1         748.1         746.1  

TIMESERIES SS_SAME_03_CNB_R, 635 samples, 500 sps, 2008-01-15T00:00:00.025000, SLIST, FLOAT, g
       185.2         181.2         185.2         189.2         194.2         205.2  
       209.2         214.2         222.2         225.2         226.2         219.2  
       216.2         219.2         210.2         208.2         213.2         207.2  
       207.2         211.2         214.2         214.2         213.2         218.2  
       220.2         219.2         219.2         222.2         223.2         220.2  
       228.2         238.2         241.2         243.2         245.2         248.2  
       252.2         258.2         257.2         255.2         265.2         273.2  
       272.2         275.2         290.2         306.2         314.2         318.2  
       324.2         339.2         349.2         356.2         366.2         374.2  
       380.2         388.2         400.2         409.2         410.2         410.2  
       418.2         421.2         418.2         429.2         449.2         459.2  
       462.2         471.2         484.2         492.2         496.2         502.2  
       503.2         510.2         513.2         506.2         512.2         523.2  
       531.2         537.2         545.2         552.2         561.2         575.2  
       584.2         600.2         614.2         619.2         631.2         637.2  
       637.2         644.2         649.2         650.2         652.2         654.2  
       660.2         672.2         675.2         672.2         676.2         689.2  
       700.2         701.2         702.2         703.2         706.2         710.2  
       702.2         698.2         702.2         699.2         703.2         711.2  
       716.2         726.2         733.2         741.2         750.2         755.2  
       763.2         769.2         776.2         780.2         775.2         776.2  
       785.2         789.2         783.2         782.2         782.2         774.2  
       763.2         763.2         766.2         760.2         756.2         757.2  
       753.2         750.2         754.2         753.2         749.2         747.2  
       743.2         747.2         752.2         744.2         743.2         751.2  
       750.2         746.2         741.2         739.2         738.2         737.2  
       734.2         733.2         732.2         729.2         725.2         724.2  
       724.2         716.2         706.2         693.2         677.2         672.2  
       665.2         655.2         650.2         646.2         645.2         649.2  
       647.2         639.2         629.2         619.2         613.2         607.2  
       596.2         584.2         578.2         573.2         566.2         553.2  
       542.2         544.2         543.2         536.2         532.2         532.2  
       530.2         520.2         510.2         507.2         504.2         494.2  
       486.2         476.2         468.2         464.2         457.2         450.2  
       439.2         428.2         423.2         417.2         412.2         402.2  
       389.2         385.2         376.2         361.2         355.2         348.2  
       342.2         337.2         329.2         324.2         324.2         319.2  
       314.2         308.2         303.2         301.2         301.2         303.2  
       301.2         303.2         308.2         300.2         291.2         293.2  
       289.2         279.2         272.2         261.2         258.2         261.2  
       256.2         254.2         254.2         250.2         250.2         248.2  
       246.2         249.2         246.2         248.2         253.2         245.2  
       242.2         249.2         252.2         252.2         251.2         259.2  
       271.2         269.2         270.2         280.2         287.2         290.2  
       293.2         297.2         303.2         310.2         311.2         315.2  
       326.2         335.2         339.2         345.2         357.2         359.2  
       363.2         371.2         371.2         373.2         376.2         378.2  
       392.2         402.2         403.2         414.2         427.2         434.2  
       441.2         447.2         457.2         466.2         462.2         463.2  
       467.2         471.2         478.2         478.2         486.2         502.2  
       504.2         501.2         501.2         506.2         515.2         518.2  
       518.2         529.2         537.2         539.2         546.2         553.2  
       561.2         568.2         574.2         577.2         582.2         590.2  
       595.2         602.2         608.2         613.2         617.2         622.2  
       625.2         624.2         636.2         651.2         659.2         662.2  
       663.2         672.2         685.2         685.2         679.2         681.2  
       684.2         679.2         682.2         690.2         687.2         684.2  
       691.2         691.2         689.2         696.2         704.2         707.2  
       706.2         711.2         713.2         707.2         706.2         704.2  
       697.2         690.2         683.2         677.2         678.2         679.2  
       670.2         664.2         663.2         654.2         650.2         649.2  
       646.2         636.2         625.2         625.2         624.2         615.2  
       608.2         605.2         600.2         594.2         589.2         585.2  
       582.2         574.2         572.2         566.2         550.2         550.2  
       550.2         539.2         527.2         520.2         518.2         513.2  
       507.2         500.2         498.2         501.2         495.2         493.2  
       498.2         499.2         497.2         498.2         501.2         498.2  
       498.2         499.2         495.2         497.2         502.2         507.2  
       504.2         500.2         502.2         498.2         494.2         499.2  
       502.2         501.2         499.2         496.2         496.2         492.2  
       493.2         499.2         495.2         492.2         500.2         504.2  
       502.2         505.2         506.2         508.2         510.2         510.2  
       511.2         515.2         526.2         532.2         532.2         532.2  
       532.2         542.2         548.2         542.2         546.2         550.2  
       548.2         549.2         553.2         556.2         548.2         539.2  
       540.2         549.2         553.2         549.2         547.2         548.2  
       554.2         555.2         550.2         549.2         550.2         550.2  
       553.2         554.2         556.2         556.2         547.2         541.2  
       543.2         538.2         527.2         522.2         522.2         524.2  
       521.2         518.2         521.2         520.2         523.2         523.2  
       518.2         518.2         518.2         517.2         521.2         521.2  
       514.2         506.2         497.2         492.2         491.2         483.2  
       475.2         469.2         464.2         459.2         453.2         452.2  
       449.2         446.2         440.2         430.2         423.2         415.2  
       408.2         408.2         404.2         388.2         379.2         378.2  
       374.2         371.2         369.2         363.2         357.2         355.2  
       349.2         341.2         338.2         333.2         330.2         327.2  
       318.2         314.2         314.2         309.2         306.2         305.2  
       301.2         300.2         297.2         296.2         294.2         285.2  
       277.2         277.2         277.2         271.2         277.2         286.2  
       283.2         285.2         292.2         292.2         286.2         280.2  
       280.2         288.2         292.2         290.2         294.2         302.2  
       309.2         317.2         323.2         328.2         337.2         341.2  
       349.2         358.2         367.2         380.2         383.2         390.2  
       396.2         401.2         415.2         424.2         430.2         446.2  
       463.2         468.2         471.2         482.2         490.2         497.2  
       512.2         524.2         533.2         542.2         554.2         567.2  
       576.2         586.2         599.2         612.2         618.2         622.2  
       630.2         642.2         655.2         664.2         675.2         684.2  
       691.2         704.2         713.2         716.2         724.2         732.2  
       739.2         745.2         751.2         756.2         761.2         767.2  
       773.2         781.2         789.2         788.2         791.2         805.2  
       812.2         813.2         812.2         813.2         821.2         822.2  
       816.2         811.2         808.2         805.2         796.2         792.2  
       790.2         781.2         781.2         785.2         778.2         772.2  
       767.2         761.2         755.2         748.2         746.2        

TIMESERIES SS_MAMS_HI_FNC_Q, 12 samples, 1000 sps, 2008-01-15T00:00:00.025000, SLIST, FLOAT, g
       185.3         181.3         185.3         189.3         194.3         205.3  
       209.3         214.3         222.3         225.3         226.3         219.3
