2016/03/09 13:21:49.186 testing scp connection...
 scp OK
packetWriter starting
[[  6.12323426e-17  -1.00000000e+00   0.00000000e+00]
 [ -1.00000000e+00  -6.12323426e-17   1.22464685e-16]
 [ -1.22464685e-16  -7.49879879e-33  -1.00000000e+00]]
BEFORE [ -8.44564929e-05  -6.08913979e-05  -2.75229919e-04]
AFTER [  6.08913979e-05   8.44564929e-05   2.75229919e-04]
BEFORE [  6.35169781e-05  -1.06098603e-04  -2.84313282e-04]
AFTER [  1.06098603e-04  -6.35169781e-05   2.84313282e-04]
BEFORE [  4.67763311e-05  -4.26462037e-04   3.18400562e-05]
AFTER [  4.26462037e-04  -4.67763311e-05  -3.18400562e-05]
BEFORE [  8.85302507e-05  -2.18635687e-04   1.92770240e-04]
AFTER [  2.18635687e-04  -8.85302507e-05  -1.92770240e-04]
BEFORE [ 0.000189    0.00029434  0.00017587]
AFTER [-0.00029434 -0.000189   -0.00017587]
BEFORE [ 0.00011721  0.00031767  0.00021671]
AFTER [-0.00031767 -0.00011721 -0.00021671]
BEFORE [ -6.20965293e-05   1.75514884e-04   2.02267474e-04]
AFTER [ -1.75514884e-04   6.20965293e-05  -2.02267474e-04]
BEFORE [ -8.53944803e-05   7.05852071e-05  -2.78661792e-05]
AFTER [ -7.05852071e-05   8.53944803e-05   2.78661792e-05]
BEFORE [ -5.76888087e-05   5.60262124e-05  -1.38739852e-04]
AFTER [ -5.60262124e-05   5.76888087e-05   1.38739852e-04]
BEFORE [ -9.92038913e-05  -8.41809833e-06  -3.49813694e-04]
AFTER [  8.41809833e-06   9.92038913e-05   3.49813694e-04]
BEFORE [  8.90904557e-05   1.75274414e-04  -4.00088058e-04]
AFTER [ -1.75274414e-04  -8.90904557e-05   4.00088058e-04]
BEFORE [  5.46972078e-05   2.09672930e-06  -2.79869622e-04]
AFTER [ -2.09672930e-06  -5.46972078e-05   2.79869622e-04]
BEFORE [  3.04221739e-05  -1.53002446e-04  -1.03952967e-04]
AFTER [  1.53002446e-04  -3.04221739e-05   1.03952967e-04]
BEFORE [  9.07732610e-05  -6.39301288e-05   7.80473638e-05]
AFTER [  6.39301288e-05  -9.07732610e-05  -7.80473638e-05]
BEFORE [  2.82835063e-05   1.54935682e-04   3.06394853e-04]
AFTER [ -1.54935682e-04  -2.82835063e-05  -3.06394853e-04]
BEFORE [  7.46082742e-06   2.51121208e-04   3.46692745e-04]
AFTER [ -2.51121208e-04  -7.46082742e-06  -3.46692745e-04]
BEFORE [ -2.09277423e-04   7.87742320e-05   4.89543309e-04]
AFTER [ -7.87742320e-05   2.09277423e-04  -4.89543309e-04]
BEFORE [ -5.38781424e-05  -1.08656408e-04   1.53458881e-04]
AFTER [  1.08656408e-04   5.38781424e-05  -1.53458881e-04]
BEFORE [  8.24249219e-06   9.54973948e-05   6.69164292e-05]
AFTER [ -9.54973948e-05  -8.24249219e-06  -6.69164292e-05]
