2016/03/09 13:17:42.734 testing scp connection...
 scp OK
packetWriter starting
[[  5.30287624e-17  -8.66025388e-01  -5.00000000e-01]
 [  1.00000000e+00   6.12323426e-17   0.00000000e+00]
 [  3.06161713e-17  -5.00000000e-01   8.66025388e-01]]
BEFORE [ 0.00126217  0.00483408 -0.00118285]
AFTER [ 0.00483408 -0.00050165 -0.00165546]
BEFORE [-0.00160183 -0.00850551 -0.00106223]
AFTER [-0.00850551  0.00191834 -0.000119  ]
BEFORE [ 0.00189199  0.00707169  0.00097458]
AFTER [ 0.00707169 -0.0021258  -0.00010199]
BEFORE [-0.00331168 -0.00961046  0.00033664]
AFTER [-0.00961046  0.00269968  0.00194738]
BEFORE [ 0.00368605  0.01052742 -0.00032913]
AFTER [ 0.01052742 -0.00302764 -0.00212806]
BEFORE [-0.00120451 -0.00914502 -0.00174618]
AFTER [-0.00914502  0.00191623 -0.00090998]
BEFORE [ 0.00285205  0.00862148  0.00070468]
AFTER [ 0.00862148 -0.00282228 -0.00081576]
BEFORE [-0.00283192 -0.00821129  0.00013587]
AFTER [-0.00821129  0.00238458  0.00153362]
BEFORE [ 0.00293743  0.00795434  0.00062794]
AFTER [ 0.00795434 -0.00285786 -0.00092491]
BEFORE [-0.00122901 -0.00442913 -0.00044494]
AFTER [-0.00442913  0.00128682  0.00022917]
BEFORE [-0.00011291  0.00536221  0.00335847]
AFTER [ 0.00536221 -0.00158145  0.00296498]
BEFORE [  9.17326077e-04   8.35744868e-05   1.36760151e-04]
AFTER [  8.35744868e-05  -8.62807734e-04  -3.40225291e-04]
BEFORE [ 0.00060669 -0.00127322  0.00123472]
AFTER [-0.00127322 -0.00114277  0.00076595]
BEFORE [-0.00193817  0.00128046  0.00057737]
AFTER [ 0.00128046  0.00138982  0.0014691 ]
BEFORE [ 0.00195926 -0.0032893  -0.00204211]
AFTER [-0.0032893  -0.00067572 -0.00274815]
BEFORE [ 0.00140907  0.00681058  0.00039416]
AFTER [ 0.00681058 -0.00141737 -0.00036318]
BEFORE [-0.00118483 -0.00681751 -0.00092076]
AFTER [-0.00681751  0.00148647 -0.00020499]
BEFORE [ 0.00307555  0.00770411  0.00012483]
AFTER [ 0.00770411 -0.00272592 -0.00142967]
BEFORE [-0.00335449 -0.01094819 -0.00156371]
AFTER [-0.01094819  0.00368693  0.00032303]
